-19
38
-21
22
0000000000000000000000000000000000000000000000000000000000
0000000000000000000000000000000000000000000000000111110000
0000000000000000000000000000000000000000000000000111110000
0000000000000000000000000000000000000000000000000111110000
0000000000000000000000000000000000000000000000000111110000
0000000000000000000000000000000000000000000000000111110000
0000000000000000000000000000000000000000000000000111110000
0000000000000000000000000000000000000000000000000111110000
0111111111111111111111111111111100000000000000000111110000
0111111111111111111111111111111100000000000000000111110000
0111111111111111111111111111111100000000000000000111110000
0111111111111111111111111111111100000000000000000111110000
0111111111111111111111111111111100000000000000000111110000
0111111111111111111111111111111100000000000000000111110000
0111111111111111111111111111111100000000000000000111110000
0111111111111111111111111111111100000000000000000111110000
0111111111111111111111111111111100000000000000000111110000
0111111111111112111111111111111100000000000000000111110000
0111111111111112111111111111111100000000000000000111110000
0111111111111112111111111111111100000000000000000111110000
0111111111111112111111111111111100000000000000000111110000
0111111111111112111111111111111100000000000000000111110000
1111111111111112111111111111111111100000000000000111110000
1111111111111112111111111111111111100000000000000111110000
1111111111111112111111111111111111111111111111111111111110
1111111111111112111111111111111111111111111111111111111110
1111111111111112111111111111111111111111111111111111111110
1111111111111112111111111111111111100000000000000000000000
1111111111111112111111111111111111100000000000000000000000
1111111111111112111111111111111111100000000000000000000000
1111111111111112111111111111111111100000000000000000000000
1111111111111112111111111111111100000000000000000000000000
1111111111111112111111111111111100000000000000000000000000
1111111111111112111111111111111100000000000000000000000000
1111111111111112111111111111111100000000000000000000000000
1111111111111112111111111111111100000000000000000000000000
1111111111111112111111111111111100000000000000000000000000
1111111111111112111111111111111100000000000000000000000000
1111111111111112111111111111111100000000000000000000000000
1111111111111112111111111111111100000000000000000000000000
1111111111111111111111111111111100000000000000000000000000
1111111111111111111111111111111100000000000000000000000000
1111111111111111111111111111111100000000000000000000000000
1111111111111111111111111111111100000000000000000000000000
