0
52
0
41
00000000000000000000000000000000000000000000000000000
00022200000000000000000000000000000000000000000000000
02222211111111111111111111111111111111111111111111110
02222211111111111111111111111111111111111111111111110
02222211111111111111111111111111111111111111111111110
02222211111111111111111111111111111111111111111111110
02222211111111111111111111111111111111111111111111110
02222211111111111111111111111111111111111111111111110
02222211111111111111111111111111111111111111111111110
02222211111111111111111111111111111111111111111111110
02222211111111111111111111111111111111111111111111110
02222211111111111111111111111111111111111111111111110
00022211111111111111111111111111111111111111111111110
00022211111111111111111111111111111111111111111111110
00000011111111111111111111111111111111111111111111110
00000011111111111111111111111111111111111111111111110
00000011111111111111111111111111111111111111111111110
00000011111111111111111111111111111111111111111111110
00000011111111111111111111111111111111111111111111110
00000011111111111111111111111111111111111111111111110
00000011111111111111111111111111111111111111111111110
00000011111111111111111111111111111111111111111111110
00000011111111111111111111111111111111111111111111110
00000011111111111111111111111111111111111111111111110
00000011111111111111111111111111111111111111111111110
00000011111111111111111111111111111111111111111111110
00000011111111111111111111111111111111111111111111110
00000011111111111111111111111111111111111111111111110
00000011111111111111111111111111111111111111111111110
00000011111111111111111111111111111111111111111111110
00000011111111111111111111111111111111111111111111110
00000011111111111111111111111111111111111111111111110
00000011111111111111111111111111111111111111111111110
00000011111111111111111111111111111111111111111111110
00000011111111111111111111111111111111111111111111110
00000011111111111111111111111111111111111111111111110
00000011111111111111111111111111111111111111111111110
00000011111111111111111111111111111111111111111111110
00000000000000000000000000000000000000000000000000000
00000000000000000000000000000000000000000000000000000
00000000000000000000000000000000000000000000000000000
00000000000000000000000000000000000000000000000000000
